"Site, Percentage images", "static imgs", "dynamic imgs", "Percentage css", "static css", "dynamic css", "Percentage js", "static js", "dynamic js"
google.com,31.25,80.0,20.0,0.0,,,0.0,,
youtube.com,32.0,0.0,100.0,5.33333333333,50.0,50.0,18.6666666667,35.7142857143,64.2857142857
facebook.com,29.4117647059,0.0,100.0,0.0,,,38.2352941176,0.0,100.0
baidu.com,50.0,0.0,100.0,0.0,,,10.0,0.0,100.0
wikipedia.org,37.5,0.0,100.0,0.0,,,25.0,0.0,100.0
reddit.com,58.0,0.0,96.5517241379,0.0,,,26.0,3.84615384615,96.1538461538
yahoo.com,13.6518771331,40.0,47.5,4.77815699659,100.0,0.0,35.4948805461,82.6923076923,17.3076923077
qq.com,51.8348623853,0.0,74.3362831858,0.917431192661,0.0,100.0,11.9266055046,0.0,88.4615384615
taobao.com,60.7843137255,0.0,100.0,2.94117647059,0.0,100.0,10.7843137255,0.0,100.0
amazon.com,72.962962963,0.0,100.0,2.59259259259,0.0,100.0,9.25925925926,12.0,76.0
twitter.com,0.0,,,15.0,0.0,100.0,30.0,0.0,100.0
google.co.in,26.6666666667,75.0,25.0,0.0,,,0.0,,
tmall.com,22.2222222222,0.0,100.0,4.44444444444,0.0,100.0,33.3333333333,0.0,100.0
sohu.com,22.5352112676,0.0,97.9166666667,0.234741784038,0.0,100.0,8.21596244131,0.0,88.5714285714
live.com,55.0,0.0,100.0,0.0,,,20.0,25.0,50.0
instagram.com,40.9090909091,0.0,100.0,0.0,,,36.3636363636,0.0,100.0
