1688.com_res
1.3882006
2.2221839
3.62068
4.1340271
360.cn_res
1.2927449
2.2805879
3.0
4.119971
_res
1.1599
2.0
3.0
4.0
adobe.com_res
1.397360
2.0
3.0
4.7561
alibaba.com_res
1.631331
2.591937
3.0
4.35805
aliexpress.com_res
1.1931512
2.1545586
3.40012
4.299612
alipay.com_res
1.785826
2.691127
3.0
4.93100
amazon.co.jp_res
1.7963945
2.6328538
3.391757
4.747250
amazon.co.uk_res
1.9691895
2.8124685
3.391857
4.747485
amazon.com_res
1.8310709
2.6373295
3.413370
4.932286
amazon.de_res
1.8919109
2.7167608
3.391906
4.747380
amazon.in_res
1.7307793
2.5575689
3.394433
4.758444
amazonaws.com_res
1.9789284
2.2239532
3.390668
4.702114
aparat.com_res
1.3659264
2.3216488
3.0
4.438901
apple.com_res
1.1599
2.0
3.0
4.0
ask.com_res
1.24989
2.0
3.0
4.23390
avito.ru_res
1.1093453
2.504581
3.0
4.405855
babytree.com_res
1.1634
2.35
3.0
4.0
baidu.com_res
1.1599
2.0
3.0
4.0
bbc.co.uk_res
1.1786165
2.509647
3.28495
4.850127
bbc.com_res
1.570237
2.209799
3.335
4.272176
bing.com_res
1.50991
2.6196
3.0
4.0
bles.com_res
1.2098846
2.71242
3.57072
4.610285
bongacams.com_res
1.2901960
2.815276
3.433052
4.1651614
booking.com_res
1.4309439
2.3348188
3.309689
4.546042
bukalapak.com_res
1.4249920
2.1157356
3.1138577
4.1803792
buzzfeed.com_res
1.3356677
2.2447086
3.10816
4.714261
caijing.com.cn_res
1.17115
2.35
3.0
4.14353
chase.com_res
1.1599
2.0
3.0
4.0
chaturbate.com_res
1.1630500
2.1199661
3.70181
4.144805
china.com.cn_res
1.1599
2.0
3.0
4.0
chinadaily.com.cn_res
1.1599
2.0
3.0
4.0
cnet.com_res
1.3844124
2.994716
3.70227
4.2259260
cnn.com_res
1.3408619
2.1235035
3.170145
4.1492318
coccoc.com_res
1.1051601
2.2691
3.139899
4.816242
craigslist.org_res
1.1599
2.0
3.0
4.0
csdn.net_res
1.1663720
2.1559455
3.22482
4.80184
dailymail.co.uk_res
1.1620810
2.18151
3.41738
4.1461248
dailymotion.com_res
1.8094994
2.7273888
3.0
4.408660
deloton.com_res
1.80284
2.84
3.0
4.78601
detail.tmall.com_res
1.3957
2.0
3.0
4.232
detik.com_res
1.3120546
2.1953812
3.106615
4.835905
deviantart.com_res
1.1114820
2.707227
3.5352
4.380949
digitaldsp.com_res
1.1599
2.0
3.0
4.0
diply.com_res
1.226960
2.315
3.0
4.166171
discordapp.com_res
1.2532678
2.109567
3.323844
4.2017652
dkn.tv_res
1.10721069
2.5898497
3.343212
4.1730858
douyu.com_res
1.1599
2.0
3.0
4.0
dropbox.com_res
1.2798767
2.2202766
3.40526
4.227503
ebay.co.uk_res
1.1435443
2.980313
3.41338
4.137096
ebay.com_res
1.916073
2.429866
3.40675
4.137493
ebay.de_res
1.927608
2.473532
3.41303
4.137117
espn.com_res
1.178571
2.151
3.0
4.170662
etsy.com_res
1.2371155
2.1840040
3.66102
4.301881
ettoday.net_res
1.6535549
2.3853484
3.60998
4.1118457
exdynsrv.com_res
1.1599
2.0
3.0
4.0
exosrv.com_res
1.1599
2.0
3.0
4.0
facebook.com_res
1.1090728
2.26961
3.122125
4.540337
fbcdn.net_res
1.1027988
2.26689
3.121393
4.478554
fc2.com_res
1.1129956
2.211133
3.28813
4.291567
flipkart.com_res
1.163869
2.296
3.0
4.161974
force.com_res
1.1825704
2.1187361
3.106084
4.375135
github.com_res
1.1634
2.35
3.0
4.0
globo.com_res
1.1147617
2.221563
3.67844
4.590097
google.az_res
1.591660
2.43060
3.0
4.303292
google.be_res
1.591595
2.43060
3.0
4.303292
google.ca_res
1.590011
2.43060
3.0
4.303092
google.co.ao_res
1.591682
2.43060
3.0
4.303291
google.co.id_res
1.590728
2.43060
3.0
4.303094
google.co.in_res
1.590054
2.43060
3.0
4.303091
google.co.jp_res
1.595057
2.43060
3.0
4.307446
google.co.th_res
1.599698
2.49817
3.0
4.303291
google.co.uk_res
1.590078
2.43060
3.0
4.303091
google.co.ve_res
1.591638
2.43060
3.0
4.303291
google.co.za_res
1.590986
2.43060
3.0
4.303292
google.com.ar_res
1.599746
2.49817
3.0
4.303291
google.com.au_res
1.594397
2.43060
3.0
4.307450
google.com.br_res
1.590670
2.43060
3.0
4.303091
google.com.co_res
1.591701
2.43060
3.0
4.303292
google.com.eg_res
1.604090
2.49817
3.0
4.307696
google.com.hk_res
1.594947
2.43060
3.0
4.307447
google.com.mx_res
1.590624
2.43060
3.0
4.303091
google.com.pk_res
1.599084
2.49817
3.0
4.303291
google.com.sa_res
1.599703
2.49817
3.0
4.303292
google.com.sg_res
1.591068
2.43060
3.0
4.303292
google.com.tr_res
1.595021
2.43060
3.0
4.307450
google.com.tw_res
1.590713
2.43060
3.0
4.303095
google.com.ua_res
1.604160
2.49817
3.0
4.307695
google.com.vn_res
1.591627
2.43060
3.0
4.303292
google.com_res
1.596561
2.44278
3.0
4.307447
google.de_res
1.594995
2.43060
3.0
4.307446
google.es_res
1.590621
2.43060
3.0
4.303092
google.fr_res
1.594976
2.43060
3.0
4.307447
google.gr_res
1.591601
2.43060
3.0
4.303292
google.it_res
1.590600
2.43060
3.0
4.303092
google.nl_res
1.591618
2.43060
3.0
4.303292
google.pl_res
1.590645
2.43060
3.0
4.303095
google.ru_res
1.595070
2.43060
3.0
4.307446
google.se_res
1.591689
2.43060
3.0
4.303292
googleusercontent.com_res
1.1599
2.0
3.0
4.0
hao123.com_res
1.1599
2.0
3.0
4.0
hotmovs.com_res
1.4022388
2.1715377
3.337800
4.1529119
imdb.com_res
1.3782671
2.1162093
3.282726
4.1670868
imgur.com_res
1.2450586
2.571213
3.272984
4.1373290
indeed.com_res
1.686787
2.42
3.122216
4.519294
instagram.com_res
1.1465816
2.968101
3.0
4.477942
iqiyi.com_res
1.2458
2.0
3.0
4.0
jd.com_res
1.1599
2.0
3.0
4.0
jf71qh5v14.com_res
1.1599
2.0
3.0
4.0
kumparan.com_res
1.7314443
2.646798
3.604598
4.5285967
lifedaily.com_res
1.246087
2.333
3.0
4.214412
linkedin.com_res
1.13449
2.42
3.0
4.0
live.com_res
1.24308
2.0
3.0
4.17905
livejasmin.com_res
1.4419255
2.411832
3.288340
4.3373620
lolsided.com_res
1.340908
2.636
3.1085
4.302573
mail.ru_res
1.838775
2.93892
3.0
4.541074
mediafire.com_res
1.1594738
2.122136
3.642198
4.774515
mercadolivre.com.br_res
1.532860
2.187949
3.21086
4.7678
messenger.com_res
1.1708677
2.460592
3.67000
4.623086
microsoft.com_res
1.611405
2.243749
3.54852
4.131659
microsoftonline.com_res
1.1599
2.0
3.0
4.0
mozilla.org_res
1.820888
2.223154
3.68570
4.191616
msn.com_res
1.925022
2.122969
3.34343
4.268520
naver.com_res
1.1515997
2.887092
3.26169
4.281169
netflix.com_res
1.1132131
2.1056960
3.0
4.0
nextoptim.com_res
1.1599
2.0
3.0
4.0
nicovideo.jp_res
1.3045057
2.282682
3.87287
4.1622848
nih.gov_res
1.137651
2.70
3.10735
4.100685
ntd.tv_res
1.1347300
2.162637
3.16076
4.519674
nytimes.com_res
1.3719390
2.1463714
3.101778
4.900215
oath.com_res
1.1284718
2.826890
3.37487
4.320717
office.com_res
1.341790
2.36955
3.82398
4.65087
ok.ru_res
1.171373
2.0
3.0
4.0
onlinesbi.com_res
1.854714
2.20313
3.22254
4.809143
openload.co_res
1.673106
2.6198
3.183478
4.338201
pages.tmall.com_res
1.685664
2.99495
3.45260
4.273241
paypal.com_res
1.249983
2.117577
3.16756
4.68084
pinterest.com_res
1.676174
2.1603
3.1901
4.548315
pixnet.net_res
1.796714
2.513080
3.0
4.281619
popads.net_res
1.460995
2.303577
3.7559
4.148260
pornhub.com_res
1.743742
2.247594
3.7240
4.467326
providr.com_res
1.4040460
2.1837997
3.130796
4.1175094
qq.com_res
1.121194
2.28316
3.0
4.0
quora.com_res
1.869354
2.423180
3.130742
4.191161
rakuten.co.jp_res
1.5730995
2.4985564
3.26991
4.298432
redd.it_res
1.1519543
2.904759
3.94957
4.475379
reddit.com_res
1.8786788
2.5402984
3.0
4.793849
restorecosm.bid_res
1.263048
2.300
3.0
4.196412
roblox.com_res
1.1599
2.0
3.0
4.0
rumble.com_res
1.777924
2.531100
3.87168
4.98170
salesforce.com_res
1.1809258
2.1169583
3.106084
4.375110
savefrom.net_res
1.184463
2.35
3.9700
4.128528
scribd.com_res
1.344070
2.498
3.0
4.327262
sina.com.cn_res
1.1444265
2.1258695
3.0
4.57300
slideshare.net_res
1.199199
2.0
3.0
4.0
so.com_res
1.420322
2.47691
3.81701
4.265546
softonic.com_res
1.3692972
2.1512065
3.92271
4.1169593
sogou.com_res
1.420322
2.47691
3.81701
4.265546
sohu.com_res
1.43464
2.669
3.0
4.39984
soundcloud.com_res
1.4980616
2.1741115
3.638099
4.2596106
speakol.com_res
1.431980
2.2351
3.93127
4.302879
spotify.com_res
1.180495
2.659
3.0
4.175047
stackexchange.com_res
1.278164
2.150242
3.41523
4.59732
stackoverflow.com_res
1.581028
2.239690
3.104954
4.183468
t.co_res
1.2159786
2.2046209
3.26558
4.29323
taobao.com_res
1.1833432
2.1196934
3.36537
4.262633
theepochtimes.com_res
1.1500750
2.791223
3.69061
4.489178
theguardian.com_res
1.3115395
2.1565149
3.92708
4.891170
thepiratebay.org_res
1.51489
2.29236
3.7627
4.0
thestartmagazine.com_res
1.7371598
2.434021
3.98750
4.3066613
tianya.cn_res
1.2306
2.0
3.0
4.0
tmall.com_res
1.526056
2.56571
3.20251
4.397186
tokopedia.com_res
1.6163936
2.1873798
3.715361
4.2012991
tribunnews.com_res
1.1213998
2.641912
3.1969
4.552053
tumblr.com_res
1.10350595
2.9424123
3.166922
4.685647
twimg.com_res
1.1599
2.0
3.0
4.0
twitch.tv_res
1.4793
2.43
3.0
4.0
twitter.com_res
1.645946
2.100
3.118627
4.471419
txxx.com_res
1.2823040
2.1266963
3.150046
4.1044296
uol.com.br_res
1.3395061
2.1490229
3.51197
4.1371566
vice.com_res
1.1726156
2.407874
3.5942
4.1090696
vimeo.com_res
1.1629560
2.972085
3.78945
4.509914
vk.com_res
1.2362968
2.738168
3.911886
4.689975
w3schools.com_res
1.628685
2.152909
3.22083
4.433220
weibo.com_res
1.1449338
2.739813
3.64623
4.600118
wetransfer.com_res
1.1896911
2.35229
3.354652
4.1111571
whatsapp.com_res
1.1177077
2.190300
3.105557
4.513155
wikia.com_res
1.1850882
2.1099388
3.135433
4.541194
wikipedia.org_res
1.85993
2.56049
3.0
4.9755
wordpress.com_res
1.753666
2.315099
3.125419
4.195334
xhamster.com_res
1.1685543
2.692587
3.307084
4.421902
xinhuanet.com_res
1.2310
2.0
3.0
4.0
xnxx.com_res
1.304204
2.302605
3.0
4.0
xvideos.com_res
1.395467
2.393868
3.0
4.0
yahoo.co.jp_res
1.756255
2.347828
3.2092
4.150566
yahoo.com_res
1.2162020
2.371029
3.72350
4.786526
yandex.ru_res
1.1599
2.0
3.0
4.0
youth.cn_res
1.72411
2.49
3.0
4.35138
youtube.com_res
1.1963202
2.221540
3.77686
4.1114186
zhihu.com_res
1.842178
2.401446
3.62019
4.370625
